6.993127
6.993127
5.068728
5.704467
5.034364
4.054983
5.051546
4.707904
4.725086
5.034364
4.398625
5.051546
7.010309
6.013746
5.378007
5.704467
5.687285
5.378007
6.030928
5.378007
4.742268
4.072165
4.725086
5.704467
5.704467
4.725086
5.378007
5.704467
5.378007
5.72165
7.319588
5.378007
5.378007
5.360825
9.329897
5.704467
5.378007
5.704467
4.054983
4.725086
4.725086
4.707904
5.051546
5.687285
5.051546
6.013746
-0.01718213
5.395189
5.360825
5.360825
5.034364
5.670103
5.051546
4.707904
4.054983
4.072165
4.072165
4.398625
5.068728
4.415808
5.360825
11.82131
-0.01718213
7.33677
7.66323
5.360825
4.742268
4.089347
4.725086
4.398625
4.398625
4.398625
3.71134
4.072165
6.030928
4.072165
7.319588
6.013746
7.010309
5.670103
5.034364
5.704467
5.051546
4.089347
5.051546
4.725086
5.034364
4.072165
4.725086
5.378007
5.687285
6.357388
5.378007
5.378007
5.378007
-0.01718213
5.360825
6.030928
5.378007
4.725086
4.725086
4.725086
4.725086
5.378007
5.051546
6.683849
6.013746
5.378007
5.378007
5.378007
5.360825
6.013746
5.378007
4.707904
4.398625
4.054983
4.054983
4.072165
4.725086
4.072165
7.319588
5.360825
7.33677
7.010309
6.340206
6.683849
5.395189
4.398625
3.728522
4.398625
4.398625
4.398625
4.725086
4.054983
4.381443
5.378007
5.360825
6.013746
7.027491
5.704467
5.068728
15.6701
4.072165
4.725086
4.072165
4.725086
5.051546
5.034364
4.381443
5.051546
5.704467
7.353952
5.378007
5.378007
5.378007
11.08247
5.704467
6.357388
6.030928
5.034364
4.725086
5.704467
4.707904
5.051546
6.030928
5.051546
6.030928
9.707904
5.360825
5.378007
5.360825
5.051546
5.704467
5.051546
4.725086
4.072165
4.072165
4.054983
4.398625
5.051546
5.704467
5.378007
21.83849
-0.01718213
23.40206
-0.01718213
4.054983
5.051546
4.072165
4.707904
4.381443
4.381443
4.381443
4.707904
4.054983
8.969072
4.054983
6.030928
7.010309
6.993127
-0.01718213
5.051546
5.360825
4.725086
4.054983
5.034364
4.725086
5.068728
4.072165
4.725086
5.378007
5.704467
6.357388
5.360825
5.395189
6.666667
8.642612
5.378007
6.030928
4.054983
4.725086
4.725086
4.725086
4.725086
5.378007
5.034364
5.704467
6.013746
5.360825
5.360825
5.378007
5.378007
6.030928
4.054983
4.725086
4.398625
4.072165
4.072165
4.072165
4.707904
4.072165
6.340206
5.378007
6.357388
6.030928
6.357388
5.360825
5.360825
4.398625
3.745704
4.398625
4.398625
4.364261
4.707904
4.054983
4.398625
5.360825
6.683849
6.030928
5.704467
5.704467
5.051546
6.993127
5.051546
4.398625
5.051546
4.725086
4.725086
5.051546
4.398625
5.051546
5.670103
17.97251
5.378007
5.378007
5.378007
13.21306
5.704467
6.357388
5.704467
5.051546
4.725086
5.704467
4.725086
5.051546
5.704467
5.034364
6.030928
6.683849
5.395189
5.378007
5.378007
5.051546
5.704467
5.051546
4.725086
4.072165
4.054983
4.072165
4.398625
5.051546
5.670103
5.395189
8.969072
-0.01718213
-0.01718213
-0.01718213
4.072165
4.707904
4.089347
4.707904
4.398625
4.381443
4.398625
3.745704
4.072165
6.030928
4.072165
6.030928
7.010309
5.704467
-0.01718213
5.051546
4.072165
4.725086
4.054983
5.034364
4.725086
5.051546
4.072165
4.707904
5.378007
5.704467
6.357388
5.378007
5.378007
5.378007
7.010309
5.378007
6.013746
4.054983
4.725086
5.704467
4.725086
5.051546
5.378007
5.034364
5.704467
6.013746
5.378007
5.360825
5.360825
5.378007
6.030928
5.068728
4.707904
4.398625
4.054983
4.054983
4.072165
4.725086
4.381443
6.340206
5.378007
6.340206
7.33677
5.051546
5.378007
5.034364
4.398625
3.745704
4.398625
4.381443
4.398625
4.725086
4.072165
4.725086
4.072165
7.010309
6.030928
7.010309
5.72165
5.051546
7.010309
5.034364
4.364261
5.034364
5.051546
4.725086
5.051546
5.704467
5.017182
5.670103
17.97251
5.360825
6.683849
5.360825
-0.01718213
5.704467
5.051546
5.704467
5.051546
4.707904
5.670103
4.725086
5.051546
5.704467
5.378007
5.687285
6.683849
5.378007
5.360825
5.360825
5.068728
5.378007
5.051546
4.415808
4.072165
4.072165
4.072165
4.381443
5.051546
5.704467
5.378007
16.35739
-0.01718213
6.340206
-0.01718213
4.054983
4.725086
4.072165
4.725086
4.398625
4.398625
4.381443
4.072165
4.381443
26.87285
5.360825
6.013746
7.319588
6.013746
5.378007
5.051546
4.072165
4.725086
4.072165
5.051546
4.725086
5.017182
5.378007
4.725086
5.378007
5.670103
6.357388
5.378007
5.378007
6.683849
5.704467
5.360825
6.030928
5.051546
4.725086
5.704467
4.725086
5.051546
5.378007
5.068728
5.704467
16.35739
5.378007
5.360825
5.378007
6.357388
5.704467
5.017182
4.725086
4.072165
4.054983
4.072165
4.072165
4.725086
4.398625
5.360825
6.683849
6.357388
8.659794
6.37457
5.378007
5.051546
4.381443
3.728522
4.295533
4.381443
4.398625
3.745704
4.398625
4.707904
4.054983
7.319588
6.030928
6.013746
7.319588
5.051546
5.704467
5.017182
4.072165
5.051546
4.725086
5.051546
4.054983
4.742268
5.051546
5.704467
6.340206
5.360825
6.683849
5.378007
8.642612
6.666667
6.013746
5.360825
4.707904
5.704467
5.704467
4.725086
5.360825
4.725086
5.378007
6.030928
5.378007
5.378007
5.378007
5.378007
6.030928
5.378007
4.725086
4.398625
4.054983
5.051546
4.072165
4.725086
4.072165
7.33677
5.378007
6.357388
6.013746
5.051546
5.704467
5.378007
4.398625
3.745704
4.707904
4.398625
4.398625
4.725086
4.072165
4.398625
4.072165
5.360825
6.030928
7.010309
6.013746
5.378007
17.31959
4.072165
4.707904
4.072165
5.051546
5.051546
5.051546
4.398625
5.034364
5.704467
-0.01718213
5.395189
5.378007
5.378007
13.21306
5.687285
6.357388
5.72165
5.034364
4.707904
5.687285
4.725086
5.051546
5.704467
6.37457
5.704467
6.683849
5.378007
5.378007
5.378007
6.030928
5.704467
4.725086
4.398625
4.054983
5.051546
4.072165
4.072165
5.051546
5.704467
5.395189
-0.01718213
-0.01718213
-0.01718213
7.989691
4.072165
