5.378007
5.360825
5.378007
5.378007
5.378007
5.704467
5.704467
5.704467
5.704467
5.704467
5.72165
5.704467
6.030928
6.030928
6.013746
5.051546
5.068728
5.051546
5.051546
5.051546
5.034364
5.051546
5.034364
5.051546
5.051546
6.013746
6.030928
4.725086
4.725086
5.704467
5.687285
5.704467
5.704467
5.704467
5.704467
5.704467
5.360825
5.378007
5.378007
5.378007
5.378007
5.395189
6.030928
6.013746
5.051546
5.051546
5.051546
5.051546
5.034364
5.360825
5.360825
5.378007
5.360825
5.704467
5.72165
5.687285
6.013746
6.030928
5.051546
5.051546
5.051546
5.068728
4.072165
4.072165
4.072165
4.072165
5.378007
5.360825
5.378007
5.395189
5.378007
4.072165
4.054983
4.072165
4.072165
5.051546
5.034364
5.051546
5.034364
6.030928
6.030928
5.704467
5.704467
5.704467
5.395189
5.378007
5.378007
5.378007
5.051546
5.051546
5.068728
5.051546
5.051546
6.04811
6.04811
6.04811
6.030928
6.013746
6.030928
6.030928
6.030928
6.030928
6.030928
6.04811
5.068728
5.051546
5.051546
5.051546
5.034364
5.360825
5.378007
5.360825
5.378007
5.687285
5.704467
5.704467
6.013746
6.030928
5.068728
5.051546
5.051546
5.051546
4.054983
4.072165
4.054983
5.378007
5.378007
5.378007
5.378007
5.378007
5.378007
4.072165
4.072165
4.072165
4.072165
5.068728
5.051546
5.034364
5.068728
4.725086
5.704467
5.687285
5.704467
5.704467
5.378007
5.360825
5.378007
5.378007
5.051546
5.051546
5.051546
5.051546
6.030928
6.013746
6.030928
6.030928
6.030928
6.030928
6.013746
6.013746
6.030928
6.013746
6.013746
6.030928
6.013746
5.051546
5.068728
5.051546
5.034364
5.378007
5.378007
5.360825
5.395189
5.687285
5.687285
5.704467
6.030928
6.013746
5.051546
5.051546
5.051546
5.068728
4.072165
4.054983
4.089347
5.395189
5.360825
5.378007
5.360825
5.360825
5.378007
4.054983
4.072165
4.072165
5.395189
5.051546
5.034364
5.034364
5.051546
4.707904
6.030928
5.687285
5.687285
5.687285
5.360825
5.360825
5.360825
5.034364
5.034364
5.051546
5.034364
5.051546
6.030928
6.013746
6.030928
6.013746
6.013746
6.030928
6.030928
6.030928
6.013746
6.030928
6.04811
6.013746
5.034364
5.068728
5.051546
5.051546
5.051546
5.395189
5.378007
5.378007
5.378007
5.704467
5.704467
5.704467
6.030928
5.051546
5.034364
5.051546
5.051546
5.051546
4.054983
4.072165
4.072165
5.378007
5.360825
5.360825
5.378007
5.378007
5.378007
4.072165
4.072165
4.072165
5.051546
5.051546
5.068728
5.068728
5.034364
4.707904
5.704467
5.704467
5.704467
5.378007
5.378007
5.378007
5.360825
5.068728
5.034364
5.051546
5.068728
5.034364
6.030928
6.030928
6.013746
6.030928
6.013746
6.030928
6.030928
6.030928
6.030928
6.030928
6.030928
6.030928
5.051546
5.051546
5.034364
5.051546
5.378007
5.378007
5.378007
5.360825
5.704467
5.704467
5.704467
6.030928
6.030928
5.051546
5.034364
5.051546
5.068728
5.378007
4.072165
4.072165
4.072165
5.395189
5.378007
5.378007
5.378007
5.360825
4.072165
4.072165
4.072165
4.072165
5.051546
5.051546
5.034364
5.051546
6.013746
6.030928
5.687285
5.704467
5.704467
5.378007
5.378007
5.395189
5.378007
5.051546
5.034364
5.051546
5.051546
5.034364
6.030928
6.013746
6.030928
6.013746
6.04811
6.030928
6.013746
6.030928
6.013746
6.030928
6.013746
6.030928
5.051546
5.051546
5.034364
5.034364
5.034364
5.360825
5.378007
5.378007
5.670103
5.704467
5.687285
6.04811
6.04811
5.051546
5.051546
5.034364
5.051546
5.051546
4.072165
4.072165
4.054983
5.395189
5.378007
5.378007
4.381443
5.360825
5.360825
4.072165
4.072165
4.072165
4.072165
5.051546
5.034364
5.034364
5.051546
4.725086
6.030928
5.704467
5.687285
5.704467
5.360825
5.378007
5.378007
5.360825
5.051546
5.051546
5.051546
5.051546
5.051546
6.030928
6.013746
6.030928
6.04811
6.030928
6.013746
6.04811
6.04811
6.030928
6.030928
6.030928
6.030928
6.013746
5.068728
5.051546
5.034364
5.051546
5.051546
5.378007
5.378007
5.378007
5.395189
5.704467
5.704467
5.704467
6.030928
6.030928
5.034364
5.034364
5.051546
5.051546
5.051546
4.054983
4.072165
4.089347
5.360825
5.378007
4.398625
4.398625
4.398625
5.378007
4.072165
4.072165
4.072165
4.054983
5.051546
5.068728
5.034364
5.051546
6.013746
6.030928
5.704467
5.687285
5.704467
5.378007
5.378007
5.378007
5.378007
5.051546
5.051546
5.051546
5.051546
5.034364
6.013746
6.013746
6.030928
6.030928
6.013746
6.013746
6.04811
6.030928
6.030928
6.030928
6.013746
6.030928
6.030928
5.034364
5.051546
5.051546
5.051546
5.378007
5.360825
5.378007
5.378007
5.704467
5.704467
6.030928
6.030928
5.051546
5.051546
5.051546
5.068728
4.072165
4.054983
4.072165
5.378007
5.378007
4.398625
4.381443
4.381443
5.378007
5.378007
4.089347
4.072165
4.054983
5.378007
5.051546
5.051546
5.051546
5.051546
4.707904
5.687285
5.687285
5.72165
5.360825
5.360825
5.395189
5.378007
5.051546
5.051546
5.051546
5.034364
6.013746
6.030928
6.013746
6.030928
6.013746
6.013746
6.030928
6.013746
6.030928
6.04811
6.030928
6.030928
6.030928
6.030928
5.051546
5.068728
5.051546
5.051546
5.051546
5.360825
5.378007
5.378007
5.395189
5.704467
5.704467
5.704467
6.030928
6.013746
5.051546
5.051546
5.051546
5.051546
4.072165
4.072165
4.072165
5.360825
5.378007
4.381443
4.398625
5.378007
5.378007
5.360825
4.072165
4.072165
4.072165
5.051546
5.051546
5.051546
5.051546
6.030928
6.030928
5.687285
5.704467
5.704467
5.360825
5.378007
5.378007
5.378007
5.051546
5.068728
5.051546
5.051546
5.051546
6.030928
6.030928
6.013746
6.030928
6.030928
6.030928
6.030928
6.030928
6.030928
6.030928
6.030928
6.030928
6.030928
5.051546
5.051546
5.051546
5.034364
5.068728
5.378007
5.360825
5.360825
5.395189
5.704467
5.704467
5.687285
6.030928
5.051546
5.051546
5.051546
5.051546
5.051546
4.072165
