3.728522
3.745704
5.360825
5.704467
6.993127
7.33677
7.010309
6.683849
7.646048
6.683849
6.030928
5.378007
7.33677
6.666667
11.09966
7.33677
7.319588
7.33677
8.969072
9.690722
7.33677
5.378007
7.33677
7.027491
10.73883
6.993127
11.4433
10.72165
6.030928
4.398625
4.072165
4.072165
4.054983
4.072165
4.398625
5.72165
6.993127
5.378007
-0.01718213
5.360825
5.687285
6.340206
5.378007
5.687285
6.357388
5.687285
5.360825
5.378007
5.378007
5.360825
6.013746
5.378007
5.687285
5.360825
6.993127
5.360825
8.642612
7.646048
5.360825
6.683849
5.687285
5.360825
4.072165
3.728522
3.728522
4.072165
5.378007
6.993127
8.625429
8.659794
6.683849
7.646048
6.683849
6.030928
5.378007
7.319588
6.683849
7.33677
7.319588
7.33677
7.66323
8.316151
7.010309
6.340206
7.33677
7.010309
12.50859
7.010309
11.4433
7.33677
5.704467
4.398625
4.054983
4.054983
4.072165
4.381443
5.687285
5.687285
5.360825
43.10997
5.378007
5.687285
6.013746
5.051546
5.378007
6.04811
5.704467
5.378007
5.378007
5.360825
6.030928
5.378007
6.013746
5.360825
7.33677
5.378007
-0.01718213
6.683849
6.666667
5.687285
5.378007
4.072165
4.054983
3.745704
3.745704
4.054983
5.687285
8.642612
6.975945
7.010309
6.683849
7.66323
6.683849
6.013746
5.360825
7.33677
6.683849
7.33677
7.33677
7.33677
7.646048
8.316151
6.683849
6.357388
5.704467
7.646048
8.659794
6.683849
7.010309
8.642612
7.33677
5.704467
4.398625
4.072165
4.072165
4.072165
4.398625
5.72165
5.704467
5.378007
6.357388
7.010309
6.357388
5.378007
6.013746
5.034364
5.378007
6.030928
5.704467
5.378007
5.378007
5.360825
5.704467
6.030928
5.395189
6.013746
5.360825
7.33677
5.378007
-0.01718213
6.683849
6.683849
5.670103
5.360825
4.072165
4.072165
3.728522
3.745704
4.054983
5.378007
7.010309
7.33677
7.010309
6.683849
7.646048
6.683849
6.030928
5.378007
7.439862
6.666667
7.33677
7.405498
7.319588
7.66323
7.33677
7.010309
5.360825
7.33677
7.010309
6.683849
10.03436
7.319588
7.319588
5.704467
4.364261
4.072165
4.054983
4.072165
4.398625
5.687285
5.704467
5.378007
6.357388
5.704467
6.357388
5.378007
5.704467
5.051546
5.378007
6.030928
5.704467
5.360825
5.378007
5.360825
5.704467
6.030928
5.378007
6.030928
5.378007
7.33677
5.378007
-0.01718213
6.683849
6.683849
5.704467
5.360825
4.072165
4.072165
3.728522
3.745704
4.072165
5.360825
6.993127
7.33677
8.316151
6.683849
6.683849
8.642612
6.340206
5.704467
6.357388
7.010309
10.73883
7.33677
7.33677
7.33677
7.66323
8.316151
6.666667
6.357388
7.010309
7.027491
10.73883
7.010309
11.4433
10.73883
6.030928
4.398625
4.072165
4.072165
4.072165
4.072165
4.398625
5.704467
5.360825
6.340206
5.670103
16.66667
5.051546
5.378007
5.704467
6.323024
5.704467
5.360825
5.378007
5.378007
5.670103
6.030928
5.378007
6.013746
5.378007
7.33677
5.360825
-0.01718213
6.666667
6.683849
5.704467
5.360825
4.072165
3.745704
3.71134
3.728522
5.378007
5.704467
7.010309
7.010309
6.993127
6.666667
7.66323
5.360825
6.013746
6.357388
7.010309
10.73883
7.33677
7.319588
7.33677
7.66323
8.642612
6.683849
6.357388
5.687285
7.989691
8.676976
6.683849
6.993127
11.08247
7.353952
6.013746
4.381443
4.054983
4.072165
4.072165
4.398625
5.687285
5.704467
5.378007
6.357388
6.993127
6.340206
5.378007
5.704467
5.034364
5.378007
6.030928
5.704467
5.378007
5.378007
5.360825
5.687285
6.030928
5.378007
6.030928
5.378007
7.33677
5.360825
-0.01718213
6.666667
6.666667
5.72165
5.378007
4.072165
3.728522
3.745704
3.745704
5.378007
5.704467
6.975945
7.010309
7.010309
6.666667
7.66323
6.683849
6.030928
5.378007
7.33677
6.683849
11.09966
7.319588
7.33677
7.66323
8.642612
6.683849
6.323024
7.010309
6.683849
12.50859
7.010309
11.42612
10.75601
6.030928
4.398625
4.072165
4.054983
4.054983
4.072165
4.381443
5.704467
7.010309
5.378007
36.59794
5.378007
5.360825
6.030928
5.034364
5.360825
6.013746
5.395189
5.378007
5.360825
5.378007
6.030928
5.378007
5.704467
5.378007
7.010309
6.683849
10.39519
7.628866
5.378007
5.670103
5.378007
4.054983
3.745704
3.745704
4.072165
5.378007
5.704467
8.659794
6.993127
7.010309
6.683849
8.969072
6.357388
5.670103
6.357388
7.010309
10.73883
7.33677
7.33677
7.33677
7.66323
7.33677
6.683849
6.340206
7.33677
6.993127
8.969072
7.010309
11.4433
10.73883
6.030928
4.398625
4.072165
4.072165
4.072165
4.398625
5.704467
5.687285
5.378007
7.66323
5.378007
5.704467
5.051546
5.378007
5.704467
6.357388
5.704467
5.378007
5.378007
5.378007
5.704467
6.013746
5.378007
6.030928
5.378007
7.319588
5.360825
83.00687
6.683849
6.683849
5.704467
5.360825
4.054983
3.745704
3.745704
3.728522
4.072165
5.704467
7.010309
7.010309
7.010309
6.683849
8.934708
5.378007
6.013746
5.378007
6.993127
10.72165
7.319588
7.319588
7.319588
7.66323
8.298969
6.683849
6.357388
5.704467
7.628866
8.642612
6.683849
7.010309
7.33677
7.33677
6.030928
4.398625
4.054983
4.054983
4.054983
4.398625
5.704467
5.670103
5.360825
6.357388
7.010309
7.66323
5.378007
5.687285
6.030928
5.378007
6.030928
5.378007
5.395189
5.378007
5.360825
6.030928
5.360825
5.704467
5.378007
7.33677
5.378007
-0.01718213
6.666667
5.378007
6.683849
5.360825
4.072165
3.728522
3.745704
3.745704
5.360825
5.704467
7.010309
7.010309
7.010309
6.683849
7.646048
6.683849
6.030928
5.378007
7.33677
6.666667
7.33677
7.319588
7.319588
7.628866
8.659794
6.683849
6.357388
5.704467
7.646048
7.33677
6.666667
10.03436
7.319588
7.33677
6.013746
4.381443
4.072165
4.072165
4.054983
4.398625
5.704467
5.670103
5.360825
6.357388
6.975945
6.357388
5.378007
6.030928
5.034364
5.378007
6.030928
5.704467
5.360825
5.378007
5.378007
5.704467
6.013746
5.378007
6.030928
