11.78694
11.78694
-0.01718213
15.68729
9.690722
8.969072
8.316151
6.683849
7.33677
7.010309
7.010309
7.319588
6.683849
7.010309
7.972508
10.05155
15.6701
13.90034
13.57388
11.09966
16.01375
-0.01718213
-0.01718213
-0.01718213
12.50859
14.62199
7.989691
6.666667
6.030928
5.687285
5.378007
5.360825
5.704467
6.340206
6.666667
7.33677
6.683849
10.01718
10.73883
11.4433
-0.01718213
15.68729
11.08247
10.37801
16.03093
-0.01718213
7.989691
7.319588
6.683849
6.357388
5.687285
5.704467
6.013746
6.357388
6.683849
14.27835
16.34021
16.34021
-0.01718213
16.03093
13.90034
13.93471
10.03436
15.68729
13.53952
15.68729
9.329897
8.642612
6.683849
7.646048
6.993127
7.010309
7.33677
6.666667
7.010309
8.969072
13.91753
15.6701
15.6701
11.76976
58.33333
-0.01718213
51.04811
11.09966
52.09622
14.60481
14.60481
8.316151
7.66323
6.030928
5.378007
5.378007
5.378007
5.687285
6.340206
6.666667
7.319588
6.666667
8.298969
10.73883
-0.01718213
-0.01718213
15.6701
11.09966
10.39519
16.01375
10.73883
6.683849
7.33677
6.683849
6.340206
5.704467
5.687285
6.030928
6.357388
6.683849
8.316151
12.50859
16.34021
-0.01718213
57.06186
12.14777
13.90034
11.80412
11.78694
-0.01718213
13.5567
15.6701
9.347079
8.642612
7.010309
7.66323
7.33677
7.010309
6.993127
6.357388
6.683849
8.642612
7.989691
10.03436
15.6701
13.91753
13.5567
-0.01718213
16.03093
60.32646
-0.01718213
-0.01718213
10.72165
14.24399
6.666667
6.357388
5.687285
5.378007
5.360825
5.378007
6.013746
5.378007
7.319588
7.972508
10.03436
10.75601
11.46048
-0.01718213
16.01375
9.329897
12.14777
14.27835
15.6701
-0.01718213
7.66323
6.683849
6.357388
6.030928
5.704467
6.013746
6.357388
6.683849
7.010309
10.73883
-0.01718213
-0.01718213
57.19931
13.91753
13.91753
13.91753
10.05155
15.6701
13.5567
15.6701
9.656357
8.986254
8.316151
6.683849
7.33677
6.993127
7.010309
7.319588
6.683849
6.993127
8.969072
10.39519
13.90034
16.01375
11.80412
57.35395
-0.01718213
-0.01718213
11.08247
57.49141
57.19931
10.73883
8.316151
6.683849
7.33677
5.704467
5.360825
5.378007
5.360825
6.013746
5.360825
6.993127
7.646048
58.33333
-0.01718213
-0.01718213
9.329897
16.03093
11.09966
15.6701
10.37801
7.989691
8.642612
6.683849
6.993127
5.360825
6.013746
5.704467
5.704467
7.33677
6.683849
8.298969
10.73883
16.34021
-0.01718213
-0.01718213
13.91753
13.91753
13.90034
10.01718
15.6701
13.57388
15.6701
9.690722
8.95189
8.298969
6.666667
7.33677
7.010309
7.010309
7.319588
6.683849
6.993127
7.66323
13.91753
15.65292
15.6701
11.80412
-0.01718213
-0.01718213
-0.01718213
11.09966
57.19931
-0.01718213
10.73883
8.316151
6.683849
7.319588
5.704467
5.360825
5.378007
5.378007
6.030928
6.683849
7.33677
7.66323
-0.01718213
-0.01718213
-0.01718213
11.09966
16.03093
9.329897
12.14777
14.26117
16.99313
8.316151
7.646048
6.666667
6.357388
6.013746
5.687285
6.030928
6.340206
6.666667
7.010309
10.72165
-0.01718213
-0.01718213
-0.01718213
13.91753
13.91753
13.90034
10.03436
15.6701
13.57388
15.65292
9.690722
8.934708
8.316151
6.683849
7.33677
6.993127
7.010309
7.33677
6.666667
7.010309
8.969072
13.91753
15.6701
15.6701
11.78694
-0.01718213
-0.01718213
-0.01718213
11.09966
-0.01718213
-0.01718213
10.73883
8.316151
6.683849
7.319588
5.687285
5.360825
5.360825
5.360825
6.030928
6.357388
7.33677
7.646048
100.378
-0.01718213
-0.01718213
9.312715
16.01375
11.09966
15.6701
10.37801
7.989691
10.73883
6.683849
7.33677
6.683849
6.340206
6.030928
5.704467
6.030928
6.340206
6.666667
8.316151
10.73883
-0.01718213
-0.01718213
-0.01718213
13.90034
13.91753
13.90034
10.05155
15.6701
13.5567
15.6701
9.673539
8.969072
8.298969
6.683849
7.33677
7.010309
7.010309
7.33677
6.666667
7.010309
8.969072
10.39519
15.6701
15.6701
11.78694
-0.01718213
-0.01718213
-0.01718213
11.08247
-0.01718213
-0.01718213
10.75601
8.298969
6.683849
7.33677
5.704467
5.378007
5.360825
5.704467
6.357388
6.666667
7.33677
6.666667
8.316151
16.34021
13.5567
11.4433
16.03093
9.329897
12.16495
12.14777
15.68729
8.642612
6.683849
6.975945
6.340206
6.030928
5.704467
5.687285
6.357388
6.683849
7.010309
10.75601
16.34021
-0.01718213
-0.01718213
13.90034
13.90034
13.90034
10.03436
16.03093
13.57388
15.6701
9.690722
8.969072
8.298969
6.683849
7.33677
7.010309
7.027491
7.353952
6.683849
6.993127
8.969072
12.16495
15.68729
13.90034
11.80412
-0.01718213
-0.01718213
-0.01718213
11.46048
-0.01718213
-0.01718213
10.73883
8.316151
6.666667
6.357388
5.670103
5.378007
5.257732
5.378007
6.030928
5.378007
7.319588
6.683849
-0.01718213
16.34021
11.4433
16.01375
11.08247
13.5567
10.37801
7.972508
10.72165
7.972508
7.319588
6.683849
6.357388
5.704467
5.704467
6.013746
6.357388
7.989691
12.47423
16.34021
-0.01718213
-0.01718213
16.01375
13.90034
13.93471
10.03436
15.68729
13.5567
15.6701
9.707904
8.969072
8.316151
6.683849
7.319588
7.010309
7.010309
7.33677
6.683849
8.642612
7.989691
8.642612
15.6701
12.14777
15.6701
57.19931
58.47079
11.09966
57.04467
58.78007
12.86942
8.316151
7.66323
6.013746
5.360825
5.360825
5.360825
6.013746
6.357388
7.33677
7.66323
59.36426
-0.01718213
-0.01718213
9.329897
16.03093
11.09966
13.93471
10.37801
15.68729
57.7835
7.646048
7.010309
6.340206
6.030928
5.704467
6.013746
6.357388
6.666667
7.010309
10.75601
-0.01718213
-0.01718213
-0.01718213
12.16495
13.91753
10.05155
13.91753
13.57388
15.6701
9.690722
8.969072
8.316151
6.683849
7.319588
7.010309
7.010309
7.319588
6.683849
8.642612
7.989691
8.625429
15.6701
12.14777
13.90034
-0.01718213
-0.01718213
11.08247
-0.01718213
57.2165
10.73883
8.316151
6.666667
7.319588
5.704467
5.378007
5.360825
5.704467
6.013746
6.666667
8.642612
7.989691
-0.01718213
-0.01718213
11.4433
16.03093
11.08247
15.68729
10.37801
7.989691
10.73883
6.683849
7.33677
5.378007
6.013746
