6.030928
6.030928
5.360825
6.340206
5.687285
5.137457
4.725086
5.704467
4.725086
5.034364
4.415808
5.051546
6.030928
5.051546
5.378007
5.360825
5.704467
5.378007
6.013746
4.072165
4.725086
4.398625
4.398625
4.364261
3.728522
4.398625
5.051546
4.398625
5.051546
5.051546
5.051546
6.013746
4.398625
5.034364
4.398625
3.728522
4.398625
4.398625
4.089347
4.398625
5.034364
5.687285
5.051546
5.378007
5.360825
5.378007
6.683849
6.030928
5.360825
6.030928
5.051546
4.707904
5.704467
5.704467
5.704467
5.051546
5.378007
6.013746
5.360825
7.33677
6.340206
6.030928
7.33677
5.378007
6.357388
5.360825
5.034364
4.725086
5.704467
4.707904
5.034364
5.72165
5.034364
6.030928
6.340206
5.360825
5.378007
5.704467
5.051546
5.704467
4.054983
4.707904
4.398625
4.398625
4.725086
4.072165
4.398625
5.378007
4.398625
5.051546
5.051546
5.051546
6.013746
4.398625
5.051546
4.381443
3.745704
4.398625
4.398625
4.054983
4.398625
5.034364
4.072165
6.013746
5.051546
5.378007
5.378007
5.378007
6.357388
5.72165
6.357388
5.704467
5.051546
5.704467
5.704467
5.704467
4.725086
5.378007
6.030928
5.378007
5.704467
6.357388
6.030928
6.030928
5.378007
6.357388
5.704467
5.360825
4.725086
5.704467
5.704467
4.725086
4.072165
4.725086
5.378007
5.051546
5.378007
5.378007
5.704467
5.378007
5.051546
4.398625
4.072165
4.398625
4.398625
4.398625
4.725086
4.072165
4.398625
5.378007
4.398625
5.051546
5.051546
5.051546
6.030928
4.398625
5.051546
4.398625
3.745704
4.398625
4.398625
4.072165
4.398625
4.707904
4.072165
6.013746
5.034364
5.378007
5.378007
5.378007
6.357388
5.704467
5.378007
5.687285
5.051546
4.725086
5.704467
5.704467
5.704467
5.051546
5.360825
6.030928
5.360825
7.33677
6.357388
6.030928
7.33677
5.378007
6.030928
5.378007
5.034364
4.707904
5.704467
4.725086
5.034364
5.704467
5.051546
6.030928
5.051546
5.378007
5.378007
5.704467
5.378007
5.034364
4.072165
3.728522
4.398625
4.398625
4.381443
4.725086
4.381443
5.034364
4.398625
6.357388
5.017182
5.051546
6.357388
4.398625
5.051546
4.381443
3.745704
4.398625
4.364261
4.072165
4.398625
4.725086
4.072165
6.030928
5.051546
5.378007
5.378007
5.378007
6.340206
5.704467
5.378007
5.687285
5.051546
4.725086
5.687285
5.704467
5.687285
5.034364
5.395189
6.030928
5.360825
5.704467
6.357388
6.030928
6.030928
5.378007
6.357388
5.704467
5.360825
4.725086
5.704467
5.704467
4.707904
5.051546
4.398625
5.051546
6.030928
6.357388
5.378007
5.378007
5.687285
5.051546
4.381443
4.072165
4.725086
4.398625
4.398625
4.725086
4.054983
4.398625
5.360825
4.398625
5.051546
5.051546
5.051546
6.030928
4.398625
5.051546
4.398625
3.745704
4.381443
4.381443
4.054983
4.381443
5.051546
4.072165
6.030928
5.051546
5.360825
5.378007
5.378007
6.357388
5.704467
5.360825
5.670103
5.051546
4.707904
5.704467
5.704467
5.687285
5.051546
5.378007
6.030928
5.360825
5.704467
6.357388
6.030928
6.013746
5.395189
6.357388
5.704467
5.378007
4.707904
5.704467
5.704467
4.725086
5.051546
5.704467
5.051546
6.030928
5.051546
5.360825
5.360825
5.670103
5.051546
4.364261
4.072165
4.725086
4.381443
4.398625
4.725086
4.072165
4.398625
5.360825
4.398625
5.051546
5.034364
5.051546
6.013746
4.398625
5.051546
4.381443
3.745704
4.398625
4.381443
4.072165
4.398625
4.707904
4.072165
6.013746
5.051546
5.378007
5.360825
5.360825
6.357388
5.704467
5.378007
5.704467
5.034364
4.725086
5.687285
5.704467
5.687285
5.051546
5.378007
6.030928
5.360825
5.704467
6.340206
6.013746
6.013746
5.360825
6.357388
5.704467
5.051546
4.707904
5.704467
4.725086
5.034364
4.398625
5.051546
6.013746
5.051546
5.378007
5.360825
5.687285
5.360825
6.357388
4.398625
4.072165
4.398625
4.398625
4.398625
4.707904
4.072165
4.398625
5.378007
4.398625
5.051546
5.051546
5.051546
6.030928
4.364261
5.051546
4.381443
3.745704
4.364261
4.381443
4.072165
4.398625
4.707904
4.054983
6.013746
5.051546
5.378007
5.378007
5.378007
6.323024
5.704467
5.378007
5.687285
5.051546
4.707904
5.704467
5.704467
5.687285
5.051546
5.360825
6.030928
5.378007
5.670103
6.357388
6.04811
6.030928
5.378007
6.323024
5.704467
5.378007
4.707904
5.670103
5.670103
4.725086
5.051546
5.704467
5.051546
6.030928
5.360825
5.378007
5.704467
5.378007
5.017182
4.398625
4.054983
4.398625
4.398625
4.398625
4.725086
4.072165
4.381443
5.378007
4.381443
5.051546
5.051546
5.051546
6.013746
4.381443
5.051546
4.381443
3.745704
4.398625
4.398625
4.072165
4.381443
4.707904
4.054983
6.030928
5.034364
5.378007
5.360825
5.378007
6.357388
5.704467
5.378007
5.687285
5.051546
4.725086
5.687285
5.687285
5.687285
5.034364
5.378007
6.013746
5.395189
7.33677
6.357388
5.996563
7.319588
5.274914
6.340206
5.704467
5.051546
4.707904
5.687285
4.707904
5.034364
4.381443
5.051546
6.030928
5.360825
5.378007
5.704467
5.704467
4.072165
5.704467
4.072165
4.707904
4.381443
4.398625
4.725086
4.054983
4.398625
5.378007
4.398625
5.051546
5.017182
5.034364
6.030928
4.364261
5.017182
4.398625
3.745704
4.398625
4.381443
4.072165
4.381443
4.725086
4.072165
6.013746
5.017182
5.378007
5.378007
5.378007
6.357388
5.704467
5.378007
5.704467
5.034364
4.707904
5.704467
5.704467
5.704467
5.017182
5.378007
6.030928
5.378007
7.33677
6.357388
6.030928
7.33677
5.378007
6.030928
5.378007
5.051546
4.725086
5.704467
4.725086
5.051546
5.704467
5.017182
6.013746
5.360825
5.378007
5.378007
5.704467
5.051546
5.704467
4.072165
4.725086
4.364261
4.398625
4.725086
4.072165
4.398625
5.378007
4.398625
5.034364
5.051546
5.051546
6.030928
4.381443
5.034364
4.398625
3.728522
4.398625
4.398625
4.072165
4.381443
4.725086
4.072165
6.030928
5.051546
5.378007
5.378007
5.378007
6.357388
5.704467
