6.013746
6.030928
6.030928
6.030928
4.725086
4.725086
6.030928
6.030928
5.704467
5.704467
5.704467
5.704467
5.72165
5.687285
5.704467
5.687285
5.378007
5.360825
5.395189
5.378007
5.378007
5.378007
5.378007
5.378007
5.378007
5.378007
5.378007
5.360825
5.360825
5.360825
5.378007
5.378007
5.378007
5.395189
5.378007
5.704467
5.360825
5.704467
5.378007
5.378007
5.773196
5.704467
5.687285
5.687285
5.687285
5.704467
5.687285
6.030928
5.704467
4.725086
5.687285
5.704467
6.030928
6.013746
6.030928
4.707904
4.725086
6.030928
6.030928
6.030928
6.030928
6.030928
4.742268
4.725086
4.707904
6.030928
5.704467
5.704467
5.704467
5.704467
5.704467
5.704467
5.704467
5.704467
5.687285
5.360825
5.360825
5.378007
5.395189
5.378007
5.378007
5.378007
5.360825
5.378007
5.378007
5.378007
5.378007
5.360825
5.360825
5.378007
5.378007
5.378007
5.378007
5.378007
5.704467
5.395189
5.704467
5.378007
5.378007
5.360825
5.704467
5.670103
5.704467
5.704467
5.704467
5.704467
6.04811
5.704467
5.704467
5.704467
5.687285
6.013746
6.030928
6.030928
4.742268
4.725086
6.030928
6.013746
6.030928
6.030928
6.013746
6.013746
4.725086
4.725086
4.725086
6.04811
5.704467
5.704467
5.704467
5.704467
5.704467
5.704467
5.704467
5.704467
5.704467
5.378007
5.378007
5.378007
5.378007
5.378007
5.378007
5.378007
5.378007
5.360825
5.360825
5.378007
5.378007
5.378007
5.360825
5.378007
5.378007
5.360825
5.395189
5.378007
5.704467
5.395189
5.704467
5.378007
5.360825
5.378007
5.704467
5.704467
5.704467
5.704467
5.704467
5.704467
6.030928
5.704467
5.704467
5.704467
5.704467
5.704467
6.030928
6.030928
6.013746
4.725086
4.725086
6.030928
6.013746
6.030928
6.030928
6.030928
4.725086
4.707904
6.030928
6.030928
6.030928
5.704467
5.704467
5.704467
5.704467
5.704467
5.704467
5.704467
5.687285
5.378007
5.378007
5.378007
5.378007
5.395189
5.378007
5.360825
5.378007
5.360825
5.360825
5.395189
5.360825
5.378007
5.395189
5.360825
5.360825
5.378007
5.360825
5.360825
5.704467
5.378007
5.378007
5.360825
5.378007
5.360825
5.687285
5.687285
5.687285
5.704467
5.687285
5.687285
5.704467
6.013746
5.687285
4.707904
5.704467
5.704467
6.030928
6.030928
6.030928
4.725086
4.725086
6.030928
6.04811
6.030928
6.030928
6.030928
6.030928
4.725086
6.04811
6.030928
5.704467
5.72165
5.687285
5.704467
5.704467
5.704467
5.704467
5.704467
5.704467
5.704467
5.378007
5.378007
5.378007
5.378007
5.360825
5.395189
5.378007
5.395189
5.378007
5.378007
5.378007
5.360825
5.378007
5.360825
5.360825
5.378007
5.378007
5.378007
5.704467
5.378007
5.687285
5.378007
5.378007
5.360825
5.72165
5.704467
5.687285
5.687285
5.704467
5.704467
5.704467
6.013746
5.704467
4.707904
5.704467
5.704467
6.013746
6.030928
6.04811
4.707904
4.725086
6.013746
6.013746
6.030928
6.013746
6.04811
6.013746
4.725086
4.725086
6.030928
6.04811
5.704467
5.687285
5.704467
5.704467
5.704467
5.72165
5.704467
5.704467
5.704467
5.378007
5.360825
5.360825
5.378007
5.395189
5.378007
5.378007
5.360825
5.378007
5.378007
5.360825
5.378007
5.378007
5.378007
5.360825
5.378007
5.378007
5.378007
5.378007
5.704467
5.360825
5.72165
5.378007
5.378007
5.704467
5.704467
5.704467
5.704467
5.687285
5.704467
5.704467
6.030928
5.687285
4.725086
5.704467
5.704467
6.013746
6.013746
6.030928
4.725086
4.707904
6.030928
6.013746
6.030928
6.013746
6.030928
6.013746
4.725086
4.725086
6.030928
6.030928
5.704467
5.704467
5.687285
5.704467
5.670103
5.687285
5.704467
5.704467
5.687285
5.378007
5.360825
5.360825
5.378007
5.378007
5.360825
5.378007
5.378007
5.360825
5.378007
5.378007
5.378007
5.378007
5.378007
5.378007
5.378007
5.378007
5.360825
5.360825
5.72165
5.378007
5.687285
5.378007
5.378007
5.687285
5.704467
5.704467
5.670103
5.687285
5.704467
5.704467
6.030928
5.704467
6.030928
5.704467
5.704467
6.030928
6.013746
6.013746
4.707904
4.707904
4.725086
6.013746
6.013746
6.013746
6.030928
6.030928
4.725086
4.725086
6.013746
6.013746
5.670103
5.704467
5.704467
5.704467
5.704467
5.704467
5.704467
5.687285
5.704467
5.378007
5.378007
5.360825
5.378007
5.378007
5.378007
5.378007
5.378007
5.378007
5.378007
5.378007
5.395189
5.378007
5.378007
5.360825
5.378007
5.378007
5.378007
5.378007
5.704467
5.378007
5.687285
5.378007
5.360825
5.704467
5.687285
5.704467
5.704467
5.704467
5.704467
5.704467
5.704467
6.030928
5.687285
4.725086
5.704467
5.704467
6.030928
6.013746
6.030928
4.707904
4.725086
6.04811
6.030928
6.030928
6.04811
6.013746
4.725086
4.707904
4.725086
6.030928
6.013746
5.72165
5.72165
5.704467
5.704467
5.704467
5.704467
5.687285
5.704467
5.360825
5.378007
5.378007
5.360825
5.360825
5.360825
5.360825
5.360825
5.378007
5.378007
5.360825
5.378007
5.378007
5.360825
5.378007
5.378007
5.395189
5.378007
5.378007
5.704467
5.395189
5.704467
5.360825
5.378007
5.378007
5.687285
5.687285
5.704467
5.704467
5.704467
5.704467
5.687285
6.013746
5.704467
5.687285
5.704467
5.704467
6.030928
6.04811
6.030928
4.707904
4.725086
6.030928
6.030928
6.030928
6.030928
6.013746
6.013746
4.725086
4.725086
6.030928
6.030928
5.704467
5.72165
5.704467
5.687285
5.704467
5.704467
5.704467
5.704467
5.378007
5.378007
5.378007
5.378007
5.378007
5.378007
5.378007
5.360825
5.378007
5.378007
5.378007
5.378007
5.360825
5.378007
5.360825
5.360825
5.360825
5.378007
5.360825
5.378007
5.704467
5.378007
5.360825
5.378007
5.360825
5.704467
5.704467
5.704467
5.72165
5.704467
5.704467
5.72165
6.013746
5.704467
4.725086
5.704467
5.704467
6.030928
6.030928
6.04811
4.725086
4.725086
4.725086
5.068728
6.030928
5.051546
6.030928
6.04811
4.725086
4.725086
4.707904
6.030928
5.704467
5.704467
